diakid	munkaid	ervenyes	elfogadva	teljesitve
384	5968	1	1	0
179	5983	1	1	1
375	5953	0	0	0
375	6003	1	1	1
160	6005	1	1	1
342	5954	1	0	0
387	5964	1	1	1
60	5989	1	1	1
60	6004	1	1	1
192	5997	1	0	0
329	5999	1	1	1
387	5969	1	1	1
387	5955	1	1	1
233	6014	1	1	1
233	5985	1	0	0
311	5949	1	1	1
311	5950	1	1	1
161	6043	1	1	1
161	6042	1	1	1
161	6041	0	0	0
161	6044	1	1	1
161	6046	1	0	0
161	6045	1	1	1
161	6048	1	1	1
161	6047	1	1	1
161	6049	1	1	1
174	5984	1	1	1
174	5959	1	1	1
174	5960	1	1	1
111	5975	0	0	0
111	5956	1	0	0
111	5981	1	1	1
39	5995	1	0	0
276	5951	1	1	1
276	6006	1	1	1
276	5972	1	0	0
276	6002	1	1	1
276	5965	1	1	1
276	5970	1	1	1
60	6000	1	1	1
60	5990	1	1	1
60	6015	1	1	1
251	6164	1	1	1
69	6164	1	1	1
5	6164	0	0	0
302	6164	1	1	1
231	6164	1	1	1
316	6164	1	1	1
316	6163	1	1	1
5	6163	1	1	1
302	6163	1	1	0
69	6163	1	1	1
251	6163	0	0	0
231	6163	1	1	1
69	6166	1	1	1
5	6166	1	1	1
302	6166	1	1	1
316	6166	1	1	1
231	6166	1	1	1
251	6166	1	1	1
69	6165	1	1	1
5	6165	1	1	1
302	6165	1	1	1
316	6165	1	1	1
231	6165	0	0	0
251	6165	1	1	1
69	6170	1	1	1
5	6170	1	1	1
302	6170	1	1	1
316	6170	1	1	1
231	6170	1	1	1
251	6170	1	1	1
69	6169	1	1	1
5	6169	1	1	1
302	6169	1	1	1
316	6169	1	1	1
231	6169	1	1	1
251	6169	1	1	1
125	6116	1	1	1
78	6198	1	1	1
146	6123	1	1	1
146	6118	1	1	1
146	6124	1	1	1
314	6118	1	1	1
314	6123	1	1	1
314	6124	1	1	1
356	6119	0	0	0
356	6125	1	1	1
78	6217	1	1	1
361	6217	1	1	1
245	6217	1	1	0
380	6220	1	1	1
15	6167	1	1	1
62	6167	1	1	1
15	6220	1	1	1
62	6220	1	1	1
15	6218	1	1	1
62	6218	1	1	1
417	6220	1	1	1
355	6218	1	1	1
251	6168	1	1	0
399	6220	1	1	1
185	6220	0	0	0
356	6218	1	1	1
356	6219	0	0	0
393	6218	1	1	1
352	6218	1	1	1
352	6221	1	0	0
393	6221	1	1	1
58	6117	1	1	1
211	6218	1	1	1
211	6219	1	1	1
211	6170	1	1	1
371	6218	1	1	1
371	6219	0	0	0
39	6218	1	1	1
39	6219	1	1	1
39	6168	1	1	1
157	6219	1	1	1
357	6219	1	1	1
22	6218	1	1	1
424	6119	1	1	1
84	6119	1	1	1
125	6251	0	0	0
399	6251	1	1	1
52	6219	1	1	1
356	6251	1	1	1
185	6251	1	1	1
91	6221	1	1	1
197	6219	0	0	0
382	6219	1	1	1
417	6125	1	1	1
421	6348	1	1	1
313	6287	1	1	1
20	6364	1	1	1
198	6287	1	1	1
373	6287	1	1	1
312	6369	1	1	1
417	6287	0	0	0
417	6369	1	1	1
417	6370	1	1	1
175	6219	1	1	1
6	6287	1	1	1
309	6221	1	1	1
309	6371	1	1	1
3	6321	1	1	1
58	6377	1	1	1
114	6377	1	1	1
26	6404	1	1	1
26	6403	1	1	1
26	6406	1	1	0
26	6405	1	1	1
161	6410	1	1	0
161	6409	1	1	1
161	6413	1	1	1
161	6412	1	1	1
161	6411	1	1	1
161	6415	1	1	1
161	6414	1	1	1
161	6417	1	1	1
161	6416	1	1	1
161	6418	1	1	1
49	6294	1	1	1
146	6372	1	1	1
230	6381	1	1	1
146	6381	1	1	1
230	6376	1	1	1
146	6376	1	0	0
408	6299	1	1	1
408	6311	1	1	1
408	6360	1	1	1
91	6398	1	1	1
91	6408	0	0	0
408	6349	1	1	1
408	6300	1	1	1
408	6350	1	1	1
408	6361	1	1	1
312	6372	1	1	1
380	6399	1	1	1
111	6338	1	1	1
111	6335	1	1	1
111	6306	1	1	1
111	6329	1	1	1
261	6399	0	0	0
399	6399	1	1	1
185	6399	1	1	1
125	6399	1	1	1
415	6424	1	1	1
417	6398	1	1	1
417	6379	1	1	1
417	6391	0	0	0
417	6373	1	1	1
248	6391	1	1	1
91	6400	1	0	0
15	6400	1	1	1
62	6400	1	0	0
417	6375	0	0	0
417	6382	1	0	0
417	6380	1	1	1
53	6378	0	0	0
53	6373	1	1	1
53	6374	1	1	1
53	6379	1	1	1
53	6382	1	1	1
3	6351	1	1	1
230	6445	1	1	1
264	6400	0	0	0
96	6400	1	1	1
245	6447	1	1	1
15	6438	1	1	1
15	6440	1	1	1
62	6438	1	1	1
62	6440	1	0	0
156	6438	1	1	1
211	6320	1	1	1
211	6340	1	1	1
19	6504	1	1	1
19	6505	1	1	1
19	6506	1	1	1
245	6510	1	1	1
258	6510	1	1	1
126	6510	1	1	1
412	6513	0	0	0
132	6513	1	1	1
412	6512	1	1	1
132	6512	1	1	0
309	6514	1	1	1
65	6514	1	1	1
309	6515	1	1	1
65	6515	0	0	0
68	6515	1	1	1
68	6514	1	1	1
113	6437	1	1	1
408	6314	1	1	1
408	6363	1	1	1
408	6302	1	1	1
216	6437	1	1	1
309	6375	1	1	1
248	6441	1	1	1
58	6438	1	1	1
103	6438	1	1	1
103	6440	1	1	1
312	6554	1	1	1
425	6554	0	0	0
3	6346	0	0	0
3	6352	1	1	1
393	6520	1	1	1
393	6549	1	1	1
114	6441	1	1	1
114	6442	1	1	1
91	6531	1	1	1
417	6507	1	1	1
417	6508	1	1	1
417	6399	0	0	0
429	6599	1	1	1
429	6598	1	1	1
110	6546	1	1	1
110	6535	1	1	0
110	6547	1	1	1
182	6546	1	1	1
182	6535	1	1	1
182	6547	1	0	0
157	6517	1	0	0
52	6550	0	0	0
350	6550	1	1	1
380	6555	1	1	1
53	6375	1	1	1
96	6549	1	1	1
96	6539	1	1	0
96	6543	1	1	1
313	6517	1	1	1
222	6518	1	1	1
6	6555	1	1	1
248	6442	0	0	0
382	6557	0	0	0
154	6557	1	1	0
197	6557	1	1	1
303	6555	1	1	1
303	6536	1	1	1
20	6635	1	1	1
313	6636	1	1	1
409	6636	1	1	1
78	6639	1	1	1
78	6638	1	1	1
78	6642	1	1	1
78	6641	0	0	0
78	6640	1	1	1
111	6629	1	1	1
111	6627	1	1	1
111	6555	1	1	1
114	6548	1	1	0
114	6547	1	1	1
114	6552	1	1	1
114	6541	1	1	1
58	6442	0	0	0
91	6553	1	1	1
342	6623	1	1	1
342	6624	1	1	1
342	6630	1	1	1
425	6646	1	1	1
312	6646	1	1	1
312	6645	1	1	1
425	6645	1	1	1
68	6647	1	1	1
38	6647	1	1	1
414	6650	1	1	0
38	6650	1	1	1
309	6650	1	1	1
38	6649	1	1	1
414	6649	1	0	0
309	6649	1	1	1
38	6648	1	1	1
414	6648	1	1	1
309	6648	1	1	1
38	6651	1	1	1
414	6651	1	1	1
309	6651	1	1	1
38	6655	1	0	0
38	6654	0	0	0
380	6518	1	0	0
408	6603	1	1	1
408	6609	1	1	1
408	6615	1	1	1
408	6604	0	0	0
408	6610	1	1	1
408	6616	1	1	1
408	6605	1	1	1
93	6522	0	0	0
20	6656	1	1	1
20	6657	1	1	1
312	6658	1	1	1
425	6658	1	1	1
20	6659	0	0	0
311	6644	1	1	1
218	6644	1	1	1
121	6644	0	0	0
250	6644	1	1	1
156	6644	1	1	1
50	6644	1	1	1
242	6644	1	1	1
114	6537	1	1	1
114	6545	1	1	1
58	6548	1	1	1
111	6634	1	1	1
315	6530	1	1	1
315	6551	0	0	0
174	6553	1	1	1
174	6537	1	1	1
174	6541	1	1	1
174	6545	0	0	0
258	6697	1	1	1
245	6697	1	1	1
126	6697	1	1	1
380	6692	1	1	1
380	6689	1	0	0
6	6692	1	1	1
6	6689	0	0	0
109	6692	1	1	1
109	6696	1	0	0
15	6703	0	0	0
15	6702	1	1	1
15	6701	1	0	0
15	6700	1	1	1
15	6699	1	1	1
15	6708	1	1	1
15	6707	1	1	1
15	6706	0	0	0
15	6705	0	0	0
15	6704	1	1	1
65	6733	1	1	1
68	6733	1	1	1
84	6621	1	1	1
40	6734	1	1	1
249	6736	1	1	1
249	6735	1	1	1
140	6737	1	1	0
44	6737	1	1	1
44	6738	1	1	1
140	6738	1	1	1
380	6709	1	1	1
380	6710	1	1	1
130	6747	0	0	0
71	6747	1	1	1
130	6748	1	1	1
71	6748	1	0	0
130	6749	1	1	1
71	6749	1	1	1
130	6750	1	1	1
71	6750	1	0	0
130	6745	1	1	1
71	6745	1	1	1
130	6744	1	1	1
71	6744	1	1	1
130	6743	1	1	1
71	6743	1	1	1
130	6742	1	1	1
71	6742	1	1	1
130	6741	1	1	1
71	6741	1	1	1
130	6746	1	1	1
71	6746	1	1	1
156	6606	1	0	0
56	6718	1	1	1
6	6709	0	0	0
6	6720	1	1	1
408	6759	1	0	0
109	6718	1	1	1
109	6722	1	1	0
109	6726	1	1	1
6	6714	1	1	1
6	6722	1	1	1
6	6726	1	1	1
109	6721	1	1	1
6	6721	1	1	0
6	6719	1	1	1
109	6719	1	1	1
109	6711	0	0	0
6	6711	1	1	1
6	6715	1	1	0
109	6715	1	1	1
6	6718	1	1	1
6	6723	1	1	1
109	6723	1	1	1
342	6760	1	1	1
342	6796	1	1	1
206	6710	0	0	0
120	6710	1	1	1
120	6714	1	0	0
206	6714	1	1	1
156	6779	1	1	1
280	6711	1	1	1
176	6764	1	1	1
176	6804	1	1	1
162	6727	1	0	0
162	6732	0	0	0
60	6715	1	1	0
382	6756	1	1	1
197	6752	1	1	1
352	6800	1	0	0
156	6862	1	1	1
156	6772	1	1	1
264	6711	1	1	0
423	6711	1	1	1
176	6761	1	1	1
294	6862	1	1	1
129	6862	0	0	0
313	6862	1	1	1
6	6731	1	1	1
6	6730	1	1	1
6	6728	0	0	0
6	6729	1	1	1
113	6731	1	1	1
420	6862	1	1	0
202	6862	0	0	0
174	6862	1	1	1
280	6728	1	1	1
109	6730	1	1	1
423	6862	1	1	1
216	6862	1	1	1
352	6765	1	1	1
23	6727	0	0	0
23	6729	1	1	0
23	6731	1	0	0
23	6732	1	1	1
309	6910	1	1	1
38	6910	1	1	1
38	6909	1	1	1
309	6909	1	1	1
38	6908	1	1	1
309	6908	1	1	0
78	6913	1	1	1
78	6912	0	0	0
78	6911	0	0	0
161	6915	1	1	1
161	6914	1	1	1
161	6918	1	1	1
161	6917	1	1	1
161	6916	1	1	1
273	6727	1	1	1
289	6920	1	1	1
117	6921	1	1	1
289	6922	0	0	0
117	6922	1	1	1
283	6923	1	1	1
259	6923	0	0	0
283	6924	1	1	1
259	6924	1	1	1
283	6925	1	1	1
259	6925	1	1	1
283	6926	1	1	1
259	6926	1	1	1
283	6927	1	0	0
259	6927	1	1	1
23	6754	0	0	0
23	6802	1	1	1
49	6758	1	1	1
355	6798	1	1	1
355	6770	1	1	1
373	6774	1	1	1
373	6786	1	1	1
176	6978	1	1	1
176	6958	1	1	0
410	6934	1	1	1
84	6928	1	1	1
342	6968	1	1	1
161	7002	1	1	1
176	6959	1	1	1
317	7005	0	0	0
258	7005	1	1	1
245	7005	1	1	1
126	7005	1	1	1
84	6929	1	1	1
176	6979	1	1	1
369	7007	1	1	1
175	7008	1	1	1
302	7008	0	0	0
235	7008	1	1	1
366	7008	1	1	1
224	7008	1	1	1
344	7008	1	1	1
188	7008	1	1	1
109	7008	0	0	0
289	7009	1	1	1
117	7009	1	1	1
289	7010	1	1	0
117	7010	1	1	1
410	6936	1	1	1
275	6930	0	0	0
95	6975	1	1	1
321	6935	1	1	1
321	6985	1	1	1
373	7011	0	0	0
227	7011	1	1	1
373	7012	1	0	0
227	7012	1	1	1
373	7013	1	1	1
227	7013	1	1	1
373	7014	1	1	1
227	7014	1	1	0
373	7015	1	1	1
227	7015	1	1	1
227	7016	1	1	1
373	7016	1	1	1
339	7018	1	1	1
28	7018	1	1	1
80	6966	0	0	0
80	6967	1	1	1
275	6951	1	1	1
321	6941	1	1	1
410	6937	1	1	1
211	6946	1	1	1
211	6976	1	1	1
211	6962	1	0	0
176	6981	1	1	1
410	7019	1	1	1
142	7019	1	1	1
9	7019	1	1	1
308	7019	1	1	1
424	6932	1	1	1
395	7020	1	1	1
14	7020	1	1	0
289	7025	1	1	1
117	7025	1	0	0
268	7026	1	1	1
344	7026	1	1	1
275	6952	1	1	1
275	6977	1	1	1
410	7022	1	1	1
410	7023	1	1	1
211	6972	1	1	1
332	7024	1	1	1
334	6992	1	1	1
206	7021	1	1	1
120	7021	1	1	1
203	7022	0	0	0
203	7023	1	1	1
411	7027	1	1	1
411	7028	1	1	1
411	7029	1	1	1
411	7030	1	1	1
411	7031	0	0	0
411	7032	1	1	1
411	7033	1	1	1
411	7034	0	0	0
411	7035	1	1	1
411	7036	1	1	1
411	7037	1	1	1
411	7038	0	0	0
395	7024	1	1	1
19	7042	1	1	1
176	6982	1	1	1
135	7043	1	1	1
278	7043	1	1	1
281	7054	1	1	1
416	7054	1	1	1
53	7054	1	1	1
109	7054	1	1	1
64	7055	1	1	1
333	7055	1	1	1
386	7055	1	1	1
238	7055	1	1	1
390	7055	1	1	1
87	7055	0	0	0
48	7055	1	1	1
237	7055	1	1	1
320	7055	1	1	1
363	7055	1	1	1
25	7055	1	1	1
47	7055	1	1	1
122	7055	0	0	0
237	7056	0	0	0
87	7056	1	1	1
48	7056	1	1	1
320	7056	1	1	1
237	7057	1	1	1
87	7057	1	1	1
48	7057	1	1	1
320	7057	1	0	0
237	7058	1	1	1
87	7058	1	1	0
48	7058	1	1	1
320	7058	1	1	1
48	7059	0	0	0
87	7059	1	1	1
25	7059	1	1	1
208	7059	1	1	1
320	7059	1	1	1
237	7059	1	1	1
333	7059	1	1	1
386	7059	0	0	0
25	7060	1	1	1
208	7060	0	0	0
238	7060	1	1	1
390	7060	1	1	1
333	7060	1	1	1
386	7060	1	1	1
122	7060	1	1	1
207	7062	1	1	1
239	7062	1	1	1
245	7063	1	1	1
126	7063	1	1	1
258	7063	1	1	1
64	7064	1	1	1
333	7064	1	1	1
386	7064	1	1	1
238	7064	1	1	1
390	7064	0	0	0
87	7064	1	1	1
48	7064	1	1	1
237	7064	1	1	1
320	7064	1	1	1
363	7064	1	1	1
25	7064	1	1	1
47	7064	1	1	1
122	7064	1	1	1
48	7065	1	1	1
87	7065	1	1	1
25	7065	1	1	1
208	7065	1	1	1
320	7065	1	1	1
237	7065	1	1	1
333	7065	1	1	1
386	7065	1	1	1
25	7066	1	1	1
208	7066	0	0	0
238	7066	1	1	1
390	7066	1	1	1
333	7066	1	1	1
386	7066	1	1	1
122	7066	1	1	1
57	7067	1	0	0
101	7067	0	0	0
25	7068	1	0	0
105	7127	1	1	1
105	7126	1	1	1
105	7125	1	1	1
265	7128	1	1	1
265	7129	1	1	1
265	7130	1	1	1
19	7044	1	1	1
19	7045	1	1	1
19	7046	1	1	1
19	7047	1	1	1
19	7048	1	1	1
19	7049	1	1	1
19	7050	1	1	1
19	7051	1	1	1
19	7052	1	1	1
19	7053	0	0	0
410	7073	1	1	1
80	7077	1	1	1
289	7134	1	1	1
117	7134	1	1	1
207	7060	1	1	1
56	7090	1	1	1
84	7097	1	1	1
275	7069	0	0	0
275	7089	1	1	1
334	7043	1	1	1
411	7138	1	1	1
411	7137	1	1	1
411	7136	1	1	1
376	7139	1	1	1
376	7140	1	1	1
376	7141	1	1	1
389	7082	1	1	1
268	7142	1	1	1
224	7142	1	1	1
224	7143	0	0	0
344	7143	0	0	0
268	7144	1	1	1
344	7144	1	1	1
268	7145	1	1	1
344	7145	0	0	0
224	7146	1	1	1
268	7146	1	1	1
175	7147	1	1	1
268	7147	1	1	1
344	7147	1	1	1
80	7083	1	1	1
410	7075	1	1	1
410	7104	1	0	0
176	7074	1	1	1
176	7094	1	1	1
233	7098	1	1	1
273	7086	1	1	1
273	7099	1	1	1
275	7070	1	1	1
275	7078	1	1	1
80	7084	1	1	1
80	7088	0	0	0
80	7087	1	1	1
361	7150	1	1	1
58	7150	0	0	0
41	7150	1	1	1
265	7150	1	1	1
114	7150	1	1	1
390	7168	1	1	1
390	7169	1	1	1
390	7170	1	1	1
368	7178	1	1	1
194	7178	1	1	1
368	7179	1	1	1
368	7180	1	1	1
194	7179	1	0	0
194	7180	1	1	1
238	7170	1	1	1
238	7169	1	1	1
315	7103	1	1	1
275	7166	1	1	0
275	7167	1	1	1
275	7175	1	1	1
311	7071	1	1	1
95	7091	1	1	1
174	7154	1	1	1
174	7155	1	1	1
174	7172	1	1	1
174	7173	1	1	1
174	7174	0	0	0
174	7156	1	1	1
174	7178	1	1	1
174	7179	1	1	1
174	7180	1	1	1
176	7095	1	1	1
207	7166	0	0	0
207	7151	0	0	0
234	7166	1	1	1
234	7151	1	1	1
234	7156	1	1	1
207	7153	1	1	1
401	7166	1	1	1
401	7151	1	1	1
401	7156	1	1	1
54	7151	0	0	0
100	7107	1	1	1
100	7100	1	1	1
100	7119	1	1	1
100	7124	1	1	1
263	7160	1	1	1
269	7151	1	1	1
263	7171	1	1	1
269	7153	1	1	1
173	7171	1	1	1
269	7152	1	1	1
269	7164	1	1	1
200	7166	1	1	1
200	7107	1	1	1
420	7154	1	1	1
420	7155	0	0	0
420	7156	0	0	0
420	7163	1	1	1
135	7154	1	1	1
54	7154	1	1	1
402	7154	1	1	1
202	7154	1	1	1
202	7155	1	1	1
202	7156	1	1	1
202	7163	1	1	1
161	7211	1	1	1
338	7175	1	1	1
338	7151	1	1	1
338	7152	1	1	1
338	7153	1	1	1
338	7164	1	1	1
313	7153	1	1	1
91	7080	1	1	1
91	7076	1	1	1
200	7112	1	1	1
200	7080	1	1	1
11	7162	1	1	1
11	7175	0	0	0
341	7215	1	1	1
24	7215	1	1	1
105	7172	1	1	1
11	7171	1	1	1
105	7174	0	0	0
107	7172	1	1	1
105	7173	1	1	1
107	7173	1	1	1
107	7174	1	0	0
173	7175	1	1	1
249	7216	1	1	1
368	7216	1	1	1
275	7218	1	1	1
268	7170	1	1	1
344	7170	1	1	1
344	7171	1	0	0
268	7171	1	1	1
342	7151	1	1	1
381	7151	1	1	1
342	7161	1	1	1
381	7161	1	1	1
417	7219	0	0	0
417	7220	1	1	1
417	7222	1	1	1
417	7223	1	1	1
417	7224	1	1	1
417	7225	0	0	0
417	7226	1	1	1
417	7227	1	1	1
328	7151	1	1	1
328	7161	1	1	1
292	7116	1	1	1
102	7096	1	1	1
292	7072	1	1	0
292	7108	1	1	1
262	7167	1	1	1
206	7174	1	1	1
206	7173	1	1	1
206	7172	1	1	1
206	7179	1	1	1
206	7180	1	1	1
206	7178	1	1	1
206	7154	1	0	0
206	7156	1	1	1
314	7233	1	1	1
146	7228	1	1	1
146	7229	1	1	1
314	7234	1	1	1
146	7221	1	1	0
230	7221	1	1	1
146	7230	1	1	1
146	7231	1	0	0
200	7152	1	1	1
57	7154	0	0	0
57	7152	1	1	1
57	7173	1	1	1
57	7175	1	1	1
140	7157	1	1	1
44	7157	1	1	1
182	7157	0	0	0
44	7152	1	1	1
182	7152	1	1	1
110	7152	0	0	0
110	7157	1	1	1
182	7153	1	1	1
44	7153	0	0	0
110	7153	1	1	1
182	7167	1	1	1
44	7167	1	1	1
182	7176	1	1	1
44	7176	1	1	0
140	7152	1	1	1
140	7153	1	1	1
140	7158	1	1	1
140	7176	1	1	1
174	7181	1	1	1
53	7218	1	1	1
53	7221	1	1	1
137	7155	1	1	1
397	7155	1	1	1
137	7112	1	1	1
321	7120	1	1	1
282	7283	1	1	1
36	7283	1	1	1
204	7283	0	0	0
267	7166	1	1	1
267	7157	1	1	1
267	7161	1	1	1
267	7171	1	1	1
267	7163	1	1	1
267	7156	1	1	1
267	7169	1	1	1
209	7154	1	1	1
209	7155	1	1	1
209	7156	1	1	1
209	7157	1	1	1
209	7161	1	1	1
209	7176	1	1	1
209	7177	1	1	1
269	7282	1	1	1
338	7281	1	1	1
269	7281	1	1	1
338	7282	1	1	1
312	7230	0	0	0
312	7231	1	1	1
374	7173	1	1	1
374	7154	1	1	1
374	7092	1	1	1
2	7169	1	1	1
2	7167	1	0	0
2	7168	1	1	0
190	7169	1	1	1
190	7167	1	1	1
190	7168	1	1	1
374	7248	1	1	1
57	7248	1	1	1
374	7276	1	1	1
57	7276	1	1	1
315	7255	0	0	0
102	7255	1	1	1
334	7221	1	1	1
334	7224	1	1	1
334	7155	0	0	0
207	7256	1	0	0
105	7256	1	1	1
135	7241	0	0	0
236	7241	1	1	1
410	7262	1	1	1
410	7263	0	0	0
136	7220	1	1	0
406	7158	1	1	1
406	7159	1	1	1
314	7269	1	1	1
341	7269	1	1	1
314	7228	1	1	0
314	7229	1	1	1
66	7246	1	1	1
66	7267	1	1	1
66	7247	1	1	1
66	7268	1	1	1
66	7266	1	1	1
314	7266	1	1	1
314	7270	1	1	1
341	7270	1	1	1
314	7252	1	1	1
341	7252	1	1	1
263	7155	1	1	1
263	7157	1	1	1
263	7158	1	1	1
263	7159	1	1	1
50	7253	1	1	1
50	7254	1	1	1
177	7254	1	1	1
242	7253	1	1	1
335	7242	1	1	1
242	7247	1	1	0
106	7242	1	1	1
335	7262	1	1	1
335	7261	1	1	1
74	7260	1	1	1
74	7274	1	1	1
240	7260	1	1	1
240	7274	1	1	1
177	7268	1	1	1
417	7232	1	1	0
206	7259	1	1	1
206	7280	1	1	1
120	7259	0	0	0
120	7280	1	1	1
203	7263	1	1	1
289	7285	1	1	1
271	7285	1	1	1
4	7285	1	1	1
351	7285	0	0	0
297	7285	1	1	1
101	7285	1	1	0
145	7285	1	0	0
33	7285	1	1	1
400	7285	1	1	1
167	7285	1	0	0
57	7285	1	1	1
220	7285	1	1	1
374	7285	1	1	1
189	7285	1	1	1
84	7277	1	1	1
84	7264	1	1	1
66	7286	1	1	1
50	7267	1	1	1
410	7299	1	1	1
278	7299	1	1	1
177	7299	1	1	1
203	7299	1	1	1
160	7177	1	1	1
160	7181	1	1	1
160	7168	0	0	0
198	7172	0	0	0
275	7256	1	1	0
382	7155	1	1	1
197	7155	1	1	0
128	7168	1	1	1
128	7172	1	1	1
128	7177	1	1	1
128	7161	1	1	1
113	7222	1	1	1
410	7364	1	1	1
410	7365	1	1	1
342	7331	1	1	1
342	7349	1	1	1
290	7300	1	1	1
410	7362	1	1	0
410	7363	1	1	1
230	7246	1	1	1
137	7249	1	1	1
397	7249	1	1	1
137	7243	1	1	1
397	7243	1	1	1
397	7244	1	1	1
137	7244	1	1	1
397	7245	1	1	1
137	7245	1	1	1
137	7186	1	1	1
137	7182	1	1	1
397	7182	1	1	1
397	7199	1	1	1
397	7186	1	1	1
137	7168	1	1	1
397	7168	1	1	1
397	7157	0	0	0
137	7157	1	1	1
137	7273	1	0	0
397	7273	1	1	1
137	7275	1	1	1
397	7275	1	1	1
397	7320	1	1	1
341	7286	1	1	1
422	7286	1	1	1
80	7326	1	0	0
80	7344	1	1	1
80	7345	1	1	1
80	7328	0	0	0
80	7346	1	1	1
80	7329	1	1	1
80	7347	1	0	0
80	7330	1	0	0
332	7288	1	1	1
332	7289	1	1	1
389	7332	1	1	1
389	7334	1	1	1
426	7287	1	1	1
426	7157	1	1	1
426	7223	1	1	1
426	7225	1	1	1
426	7161	1	1	1
426	7159	1	1	1
426	7177	1	1	1
59	7166	1	1	0
59	7158	1	1	1
59	7287	1	0	0
169	7401	1	1	1
169	7400	0	0	0
169	7402	1	1	1
339	7404	0	0	0
339	7403	0	0	0
410	7382	1	1	1
410	7383	1	1	1
84	7356	1	1	1
209	7183	1	1	1
268	7183	1	1	1
315	7169	1	1	1
315	7170	1	1	1
287	7368	1	1	1
287	7386	1	0	0
287	7172	1	1	1
287	7170	1	1	1
287	7171	1	1	1
48	7301	0	0	0
368	7407	0	0	0
249	7407	1	1	1
368	7406	1	1	1
249	7406	1	1	1
368	7405	1	1	1
249	7405	1	1	1
43	7287	1	1	0
43	7163	1	1	1
43	7164	0	0	0
43	7165	1	1	1
420	7409	1	1	1
420	7410	1	1	1
420	7411	1	1	1
420	7412	1	1	1
420	7413	1	1	1
348	7415	1	1	1
329	7415	1	1	1
167	7415	1	1	1
246	7415	1	1	1
348	7414	0	0	0
329	7414	1	1	1
167	7414	1	1	1
246	7414	1	0	0
149	7288	1	1	1
405	7288	1	1	1
48	7191	1	1	1
48	7192	1	1	1
48	7193	1	1	1
48	7194	1	0	0
85	7417	1	1	1
37	7417	0	0	0
328	7417	1	1	1
85	7421	1	0	0
37	7421	1	1	1
85	7420	1	1	1
37	7420	1	1	1
85	7419	1	1	1
37	7419	0	0	0
85	7418	1	1	1
37	7418	1	1	1
169	7422	1	1	1
363	7191	1	1	1
363	7192	1	1	1
147	7289	1	1	1
428	7289	1	1	1
428	7290	1	1	1
147	7290	1	1	1
292	7425	1	1	1
87	7291	1	1	1
237	7291	0	0	0
363	7291	1	1	1
197	7295	1	1	1
197	7296	1	1	1
382	7295	1	1	1
382	7296	0	0	0
306	7295	1	1	1
306	7296	1	1	1
129	7427	1	1	1
129	7426	1	1	1
24	7426	1	1	1
91	7426	1	1	1
93	7426	1	1	1
428	7292	1	1	1
199	7165	1	1	1
199	7171	1	1	1
199	7157	1	1	1
199	7161	1	1	1
181	7426	1	1	1
121	7426	0	0	0
84	7163	1	1	1
378	7163	1	1	1
378	7164	1	1	1
84	7164	1	1	1
341	7426	1	1	1
390	7426	1	1	1
198	7426	1	1	1
105	7429	1	1	1
107	7429	1	0	0
296	7426	1	1	1
1	7157	1	1	1
345	7157	1	1	1
1	7161	1	1	1
345	7161	1	1	1
1	7159	1	1	1
345	7159	1	0	0
345	7187	1	1	1
1	7187	1	1	1
1	7188	1	0	0
345	7188	1	1	1
334	7223	1	1	1
334	7225	1	1	1
334	7226	1	1	1
334	7358	1	1	0
25	7429	1	1	1
176	7322	1	1	1
176	7352	1	1	1
198	7427	1	1	1
343	7427	0	0	0
25	7428	0	0	0
343	7428	1	1	1
334	7427	1	1	1
343	7174	1	1	1
327	7174	0	0	0
192	7158	1	1	1
343	7158	0	0	0
343	7163	1	1	1
327	7163	1	1	1
343	7203	1	1	1
359	7203	1	1	1
224	7433	1	1	1
268	7433	1	1	1
344	7434	1	1	1
268	7434	1	1	1
268	7435	1	1	1
344	7435	1	1	1
423	7429	1	1	1
83	7287	1	1	1
259	7289	1	1	1
396	7161	0	0	0
82	7173	1	1	1
82	7293	1	1	1
217	7428	1	1	1
426	7184	1	1	1
160	7184	1	1	1
144	7360	1	1	1
144	7359	1	1	1
230	7427	1	1	1
146	7233	1	1	1
230	7233	1	1	0
230	7237	1	1	1
146	7237	1	1	1
146	7234	1	1	1
97	7234	1	0	0
353	7292	1	1	1
308	7292	1	1	1
353	7441	1	1	0
308	7441	0	0	0
24	7442	1	1	1
198	7445	1	1	1
424	7440	1	1	0
84	7440	1	1	1
315	7451	1	1	1
315	7442	1	1	1
233	7450	1	1	1
106	7450	1	1	1
106	7451	1	1	1
325	7452	1	1	1
200	7452	1	1	1
233	7377	1	1	1
275	7304	1	1	1
275	7371	1	1	0
275	7341	1	1	1
334	7228	1	1	1
86	7293	1	1	1
336	7293	1	1	1
336	7290	1	1	1
332	7290	1	1	1
428	7295	1	1	1
426	7232	1	1	1
357	7448	1	1	1
399	7157	0	0	0
399	7158	1	1	0
399	7193	1	1	1
165	7461	1	1	1
257	7461	1	1	1
192	7461	1	1	1
181	7461	1	1	0
196	7461	1	1	1
151	7461	0	0	0
242	7461	1	1	1
192	7462	1	1	1
121	7462	1	1	1
71	7462	0	0	0
192	7463	1	1	1
71	7463	1	1	1
121	7463	1	1	1
91	7460	1	1	1
21	7457	1	1	1
170	7457	1	1	1
207	7443	1	1	1
234	7443	1	1	1
176	7323	1	1	0
318	7235	1	1	1
318	7236	1	1	1
318	7238	1	1	1
233	7372	1	1	0
233	7157	1	1	1
233	7161	1	1	1
45	7158	1	1	1
45	7159	1	1	1
201	7158	1	1	0
201	7159	1	1	1
372	7158	1	1	1
372	7159	1	1	1
180	7163	1	1	1
180	7159	1	1	1
180	7158	1	0	0
200	7460	1	1	1
325	7460	1	0	0
206	7157	1	1	1
178	7460	1	1	1
61	7460	1	1	1
266	7460	1	1	1
156	7447	1	1	1
242	7447	1	1	1
227	7449	1	1	1
373	7449	1	1	1
247	7464	1	1	1
94	7464	1	1	1
152	7464	1	1	1
247	7465	1	1	1
152	7465	1	1	1
7	7465	1	1	1
152	7466	1	1	1
247	7466	1	1	1
7	7466	0	0	0
152	7467	1	1	1
247	7467	1	1	1
7	7467	1	1	1
152	7468	1	1	1
247	7468	1	1	1
7	7468	0	0	0
152	7469	0	0	0
247	7469	1	0	0
7	7469	1	1	1
152	7470	1	1	1
247	7470	1	1	1
7	7470	1	1	1
152	7471	1	1	1
247	7471	1	1	1
7	7471	1	1	1
152	7472	1	0	0
247	7472	1	1	1
7	7472	1	1	1
152	7473	1	1	0
247	7473	1	1	1
94	7473	1	1	1
409	7478	1	1	1
409	7477	1	1	1
409	7476	1	0	0
409	7475	0	0	0
409	7474	1	1	1
53	7228	1	1	0
315	7460	0	0	0
102	7460	1	1	1
330	7458	1	1	1
373	7458	1	1	1
10	7324	1	1	1
29	7154	1	1	1
29	7448	1	1	1
29	7459	1	1	1
29	7305	1	1	1
29	7336	1	1	1
29	7348	1	0	0
29	7493	1	1	1
29	7483	1	1	1
29	7152	1	1	1
29	7501	1	1	1
29	7502	1	0	0
29	7503	1	1	1
385	7496	1	1	1
385	7497	1	1	1
385	7498	1	1	1
385	7499	0	0	0
385	7501	1	1	1
385	7502	1	1	1
385	7503	1	1	1
191	7496	1	1	1
191	7497	1	0	0
191	7498	1	1	1
191	7499	1	1	1
191	7501	0	0	0
191	7502	1	1	1
191	7503	1	1	1
385	7504	1	1	1
191	7504	0	0	0
390	7541	1	1	1
390	7542	1	1	1
390	7543	1	1	0
390	7544	1	1	0
411	7546	1	1	0
411	7548	0	0	0
411	7547	1	1	1
226	7549	1	0	0
226	7550	1	1	1
214	7549	1	1	1
226	7551	1	1	1
226	7552	1	1	1
214	7550	1	1	1
214	7551	0	0	0
214	7552	1	1	0
215	7460	1	1	1
62	7460	1	1	1
264	7429	1	1	1
291	7429	1	1	1
24	7521	1	1	1
24	7522	1	1	1
24	7523	1	1	1
24	7524	1	1	1
88	7289	1	1	1
233	7384	1	1	1
233	7496	1	1	1
233	7498	1	1	1
233	7501	1	1	1
334	7496	0	0	0
334	7497	1	1	1
49	7497	1	1	1
49	7498	1	1	1
49	7502	1	1	1
49	7503	1	1	1
49	7504	1	1	1
49	7505	1	0	0
49	7506	1	1	1
118	7491	1	1	1
396	7506	1	1	1
396	7507	1	1	1
396	7508	1	1	1
396	7509	1	1	1
143	7506	1	1	1
143	7507	1	1	1
143	7508	1	1	1
143	7509	1	1	1
221	7569	1	1	1
126	7569	1	1	1
258	7569	0	0	0
258	7570	1	1	1
126	7570	1	1	1
267	7155	1	1	1
10	7524	1	1	0
10	7521	1	1	1
10	7522	1	0	0
10	7523	1	1	1
299	7499	1	1	1
90	7531	1	1	0
90	7532	0	0	0
118	7532	0	0	0
118	7531	1	1	1
105	7597	1	1	1
105	7596	1	0	0
113	7598	1	1	1
113	7599	0	0	0
113	7600	1	1	1
113	7601	1	1	1
113	7602	0	0	0
339	7603	1	1	1
165	7605	1	1	1
313	7605	1	0	0
257	7605	1	1	1
71	7605	1	1	1
165	7604	1	1	1
313	7604	1	1	1
257	7604	1	1	1
71	7604	1	1	1
165	7606	1	1	1
313	7606	1	1	1
257	7606	1	1	1
71	7606	1	1	1
99	7586	1	1	1
99	7587	1	1	1
99	7588	1	1	1
99	7591	1	1	1
99	7592	1	1	1
99	7593	1	1	1
368	7586	1	1	1
194	7586	1	1	1
368	7587	1	1	1
194	7588	1	1	0
368	7588	1	1	1
368	7591	1	1	1
194	7587	1	1	1
194	7591	1	1	1
134	7591	1	1	1
194	7592	1	1	1
194	7593	1	1	1
406	7160	1	1	1
406	7185	1	1	1
198	7607	1	1	1
364	7676	1	1	1
77	7677	1	1	1
77	7678	1	1	1
77	7680	1	0	0
77	7681	1	1	1
77	7682	1	1	1
77	7683	1	1	0
368	7592	1	1	1
306	7607	1	1	1
419	7586	1	1	1
419	7588	1	1	1
419	7587	1	1	1
419	7589	0	0	0
419	7591	1	1	1
419	7592	1	1	1
419	7593	1	1	1
419	7594	1	1	1
29	7172	1	1	1
29	7612	1	1	1
206	7607	1	1	1
120	7607	1	1	1
231	7627	1	1	1
144	7644	1	1	1
144	7645	1	1	1
144	7646	1	1	1
54	7610	1	1	1
135	7610	1	1	1
402	7610	1	1	1
36	7684	1	1	1
282	7684	1	1	1
36	7686	1	1	1
36	7688	1	1	1
282	7685	1	1	0
282	7686	1	1	1
36	7691	1	1	1
282	7687	1	1	1
36	7689	1	1	1
282	7690	1	1	1
282	7688	1	1	1
282	7689	1	1	1
36	7685	1	1	1
282	7691	1	1	1
36	7687	1	1	1
36	7690	0	0	0
202	7586	1	1	1
202	7587	1	1	1
202	7588	1	0	0
202	7589	1	1	1
202	7656	0	0	0
202	7669	1	1	1
293	7649	1	1	1
417	7228	1	1	1
202	7591	1	1	1
202	7592	1	1	1
421	7607	1	1	1
269	7158	1	1	0
105	7607	1	1	1
301	7692	1	0	0
300	7692	1	1	1
9	7692	1	1	1
308	7692	1	1	1
299	7607	1	1	1
299	7506	1	1	1
299	7507	0	0	0
299	7508	1	1	1
299	7509	1	1	1
299	7511	1	0	0
299	7512	1	1	1
299	7513	1	1	1
299	7514	1	1	1
157	7610	1	1	1
394	7509	0	0	0
394	7507	1	1	1
102	7607	1	0	0
21	7504	1	1	1
315	7607	1	1	1
107	7609	1	1	1
278	7694	1	1	1
278	7695	1	1	1
278	7696	1	1	1
278	7697	1	1	1
278	7698	1	1	1
328	7700	1	1	1
328	7699	0	0	0
357	7611	1	0	0
2	7610	1	1	1
190	7610	1	1	1
411	7701	1	1	1
205	7702	1	1	1
205	7703	1	1	1
256	7703	1	1	1
256	7702	1	1	1
218	7173	1	1	1
218	7586	1	1	1
218	7587	1	1	1
218	7588	1	1	1
218	7592	1	1	1
218	7593	1	1	1
218	7594	1	1	1
218	7595	1	1	1
50	7611	1	1	1
156	7611	1	1	1
242	7611	1	1	1
72	7505	0	0	0
105	7499	1	1	1
105	7505	1	1	0
48	7618	1	1	1
294	7611	1	1	1
294	7500	1	1	1
121	7500	1	1	1
50	7500	1	1	1
242	7500	1	1	1
250	7174	1	1	1
305	7608	1	1	1
327	7608	1	1	1
39	7706	1	1	1
390	7707	1	1	1
343	7707	1	1	1
11	7706	1	1	1
200	7706	1	1	1
315	7706	1	1	1
144	7655	1	1	1
11	7707	0	0	0
407	7608	1	1	1
184	7713	1	1	1
184	7714	1	1	0
127	7713	1	1	1
184	7715	1	1	1
184	7716	0	0	0
184	7717	1	1	1
127	7716	1	1	1
127	7718	1	1	1
127	7714	1	1	1
127	7715	0	0	0
135	7707	1	1	1
127	7717	1	1	1
184	7718	1	1	1
54	7707	1	1	1
373	7720	0	0	0
227	7720	1	1	1
373	7719	1	1	1
227	7719	1	1	1
230	7483	1	1	1
146	7483	1	1	1
312	7485	1	1	1
146	7485	1	1	1
296	7608	1	1	1
252	7651	1	1	1
252	7665	1	1	1
77	7721	1	1	1
252	7652	1	1	1
77	7722	1	1	1
77	7723	1	1	1
77	7724	1	1	1
119	7499	1	1	1
119	7521	1	0	0
119	7522	1	0	0
119	7523	1	1	1
119	7524	1	1	1
203	7521	1	1	1
203	7522	1	1	1
203	7523	1	1	1
203	7524	1	1	1
404	7729	1	1	1
404	7728	1	1	1
404	7727	1	1	1
404	7726	1	1	1
404	7725	1	1	1
426	7734	1	1	1
404	7734	1	1	0
404	7733	1	1	1
404	7732	1	1	1
404	7731	1	1	1
404	7730	1	1	1
351	7707	1	1	1
346	7737	1	1	1
346	7736	1	1	1
346	7735	0	0	0
346	7741	1	1	1
346	7740	0	0	0
346	7739	1	1	1
346	7738	1	1	1
284	7743	1	1	1
284	7744	1	1	1
284	7745	1	1	0
284	7746	1	1	1
284	7747	1	1	1
63	7748	1	1	1
63	7749	1	1	1
63	7750	0	0	0
63	7751	1	1	1
63	7752	1	1	1
244	7753	1	1	1
244	7755	1	1	1
244	7757	1	1	1
244	7754	1	1	1
244	7756	1	1	1
272	7756	1	1	1
272	7753	1	1	1
272	7754	1	1	1
272	7755	1	1	1
272	7757	0	0	0
229	7758	1	1	1
363	7707	1	1	1
87	7707	1	1	1
239	7706	1	1	1
239	7707	1	1	1
367	7706	1	1	1
367	7707	1	1	1
379	7610	1	0	0
406	7189	1	1	1
406	7196	1	1	0
74	7707	1	1	1
406	7197	1	1	1
406	7198	1	1	1
406	7194	1	1	1
286	7707	1	1	1
19	7610	1	0	0
295	7707	1	1	1
67	7706	0	0	0
19	7158	1	1	1
19	7159	1	1	1
130	7161	1	1	1
159	7158	1	1	1
159	7159	1	1	1
67	7516	1	1	1
67	7517	1	1	1
67	7518	1	1	1
67	7519	1	1	1
67	7610	1	1	1
364	7706	1	1	1
364	7707	1	1	0
260	7586	1	1	1
260	7587	1	1	1
260	7588	0	0	0
260	7589	1	1	1
260	7591	1	1	1
260	7592	1	1	1
260	7593	1	1	1
260	7594	1	1	1
129	7586	0	0	0
129	7587	1	1	1
368	7593	1	1	1
124	7158	1	1	1
124	7159	1	1	1
274	7609	1	1	1
43	7609	0	0	0
267	7611	1	1	0
131	7159	1	0	0
131	7158	1	1	1
131	7609	1	1	1
92	7706	1	1	1
92	7707	1	1	0
24	7647	1	1	1
139	7609	1	1	1
206	7163	1	1	1
72	7759	1	1	0
72	7760	1	1	1
72	7761	0	0	0
288	7764	1	1	1
72	7764	0	0	0
72	7762	1	1	1
72	7763	1	1	1
288	7765	1	1	1
288	7766	1	1	1
288	7767	1	1	1
288	7768	1	1	1
288	7769	1	1	1
281	7707	1	1	1
195	7707	1	1	1
370	7707	1	1	1
416	7707	1	1	1
326	7770	1	1	1
326	7771	1	1	1
326	7772	1	1	1
326	7773	1	1	1
326	7774	1	1	1
148	7759	1	1	1
148	7763	1	1	1
148	7762	1	1	1
148	7760	0	0	0
148	7761	1	1	1
364	7780	1	1	1
148	7764	1	1	1
13	7782	1	0	0
13	7787	1	1	1
13	7788	1	1	0
13	7789	1	1	1
13	7790	1	1	1
13	7784	1	1	1
13	7785	1	1	1
13	7783	1	1	1
164	7782	1	1	1
164	7784	1	1	0
164	7783	1	1	1
164	7785	1	0	0
164	7787	1	1	1
164	7788	1	1	1
164	7789	1	1	1
13	7786	1	0	0
164	7790	1	1	1
164	7786	1	1	1
164	7791	1	1	1
13	7791	1	1	1
185	7707	1	1	1
403	7619	1	1	1
22	7707	0	0	0
177	7499	1	1	1
177	7483	1	1	1
415	7800	1	1	1
155	7800	1	1	1
170	7800	1	1	1
240	7800	1	1	1
240	7799	1	1	1
415	7799	1	1	1
155	7799	1	1	1
170	7799	1	1	1
240	7798	1	1	1
170	7798	1	1	1
415	7798	1	1	1
155	7798	0	0	0
240	7797	1	1	1
170	7797	0	0	0
415	7797	0	0	0
155	7797	1	1	1
415	7803	1	1	1
155	7803	1	1	1
415	7802	1	1	1
155	7802	1	1	1
415	7801	1	1	1
155	7801	1	1	1
204	7759	1	1	1
204	7760	1	1	1
204	7761	1	1	0
204	7762	1	1	1
204	7763	0	0	0
132	7765	1	1	1
132	7766	1	0	0
132	7767	1	1	1
132	7768	1	1	1
132	7769	1	1	1
187	7797	1	1	1
187	7798	1	1	1
187	7799	1	1	1
187	7800	1	1	1
141	7708	1	1	1
394	7708	1	0	0
24	7609	1	1	1
24	7626	1	1	1
403	7708	1	1	1
35	7487	1	1	1
35	7484	1	1	1
35	7485	1	1	1
350	7708	1	1	1
13	7609	1	0	0
234	7611	1	1	1
252	7666	1	1	1
391	7509	1	1	1
391	7503	1	1	1
391	7502	1	1	1
391	7505	1	1	1
252	7653	1	1	1
66	7611	1	1	1
318	7505	1	1	1
318	7508	1	1	1
318	7510	1	1	1
318	7512	1	1	1
318	7511	1	1	1
318	7513	1	1	1
318	7514	1	1	1
318	7516	1	1	1
318	7517	1	0	0
318	7518	1	0	0
318	7519	0	0	0
29	7708	1	1	1
401	7594	1	1	1
401	7593	1	1	1
401	7595	1	1	1
308	7593	1	1	1
308	7594	1	1	0
308	7595	1	1	1
330	7610	1	1	1
324	7615	0	0	0
324	7620	1	0	0
324	7616	0	0	0
295	7610	1	1	1
130	7610	1	1	1
17	7610	1	1	1
229	7824	1	1	1
43	7824	1	1	1
179	7826	1	1	1
307	7826	1	1	1
128	7708	1	1	1
330	7708	1	0	0
159	7507	1	1	1
159	7508	1	1	1
159	7509	1	1	1
159	7510	1	1	1
385	7531	1	1	1
269	7595	1	1	1
269	7593	1	1	1
335	7610	1	0	0
335	7621	1	1	1
407	7586	1	1	1
407	7587	1	1	1
287	7610	1	1	1
105	7501	1	1	1
125	7610	1	1	1
125	7590	1	1	1
225	7846	1	1	0
405	7846	1	1	1
235	7846	1	1	1
231	7846	1	1	1
334	7526	1	1	1
334	7235	1	1	1
324	7631	1	0	0
403	7648	1	1	1
403	7658	0	0	0
403	7635	1	1	1
217	7611	1	1	1
24	7639	1	1	1
379	7828	1	1	1
112	7611	1	1	1
424	7663	1	1	1
424	7675	1	1	1
180	7830	1	0	0
159	7511	1	1	1
159	7512	1	1	1
159	7513	1	1	1
159	7514	0	0	0
372	7621	1	1	1
372	7643	1	1	1
365	7611	1	1	1
189	7611	0	0	0
297	7611	1	1	1
24	7667	1	1	1
427	7846	0	0	0
121	7611	1	1	0
16	7828	1	1	1
312	7848	1	1	1
230	7848	1	1	1
230	7834	0	0	0
42	7611	1	1	1
181	7828	1	1	1
181	7829	0	0	0
156	7828	1	1	1
156	7829	1	1	1
121	7828	1	1	1
121	7829	1	1	1
124	7611	1	1	1
252	7671	1	1	1
70	7611	1	1	1
156	7830	1	1	1
156	7833	1	1	1
156	7834	1	1	0
181	7830	0	0	0
181	7833	0	0	0
181	7834	1	1	1
156	7852	1	1	1
156	7851	1	1	1
121	7851	1	0	0
121	7852	1	0	0
112	7833	1	0	0
112	7834	1	1	1
107	7834	0	0	0
107	7833	0	0	0
107	7832	1	1	1
107	7831	1	1	1
107	7829	1	1	1
121	7830	1	1	1
107	7828	1	0	0
121	7833	0	0	0
121	7834	1	1	1
18	7830	1	1	1
18	7831	1	1	1
18	7832	1	0	0
18	7833	1	0	0
18	7834	1	1	1
332	7798	1	1	1
332	7611	1	1	1
88	7833	1	1	1
88	7834	1	1	1
112	7832	1	1	1
8	7931	1	1	1
8	7932	1	1	1
8	7933	1	1	1
73	7931	1	1	1
11	7933	1	1	1
252	7919	1	1	1
358	7799	1	1	1
358	7798	1	1	1
124	7931	1	1	1
124	7932	1	1	1
124	7933	0	0	0
379	7899	1	1	1
379	7911	1	1	1
304	7907	1	1	1
350	7867	1	1	1
350	7892	1	1	1
350	7916	1	1	1
350	7868	1	1	1
398	7238	1	1	1
324	7531	0	0	0
324	7532	1	1	1
324	7533	1	1	1
324	7534	1	1	1
403	7875	1	0	0
403	7883	1	1	1
403	7904	1	1	1
403	7876	1	1	1
156	7931	1	1	1
156	7932	1	1	1
121	7931	1	1	1
121	7932	1	1	1
156	7525	1	1	1
156	7527	0	0	0
181	7525	1	1	1
181	7526	1	1	1
156	7526	1	0	0
104	7536	1	1	1
104	7537	1	1	1
104	7538	1	1	1
104	7539	1	1	1
200	7521	1	1	1
200	7522	1	1	1
200	7523	0	0	0
254	7524	1	1	1
254	7525	0	0	0
32	7527	1	1	1
32	7528	1	1	1
32	7529	1	1	0
32	7530	1	1	1
32	7532	1	1	1
32	7533	1	1	1
32	7534	1	0	0
32	7535	1	1	1
32	7536	1	0	0
32	7537	1	1	1
358	7932	1	1	1
358	7933	0	0	0
120	7236	1	1	1
358	7236	1	1	1
29	7863	1	1	1
29	7879	1	1	1
29	7887	1	1	1
29	7864	1	1	1
29	7880	0	0	0
29	7893	1	1	1
304	7912	1	1	1
89	7933	1	1	0
53	7933	1	1	1
262	7941	1	1	1
262	7942	0	0	0
374	7943	1	0	0
374	7944	1	1	1
374	7945	1	1	1
374	7946	1	1	1
374	7947	1	1	1
146	7238	1	1	1
372	7860	1	1	1
372	7872	0	0	0
349	7948	1	1	0
358	7527	1	1	1
120	7527	1	1	1
358	7528	1	1	1
120	7533	1	1	1
358	7529	1	1	1
120	7528	1	1	1
120	7529	1	1	1
120	7530	1	1	1
358	7530	1	1	1
366	7897	1	1	1
366	7909	1	1	1
366	7884	0	0	0
17	7541	1	1	1
17	7542	1	1	1
17	7543	1	1	1
17	7544	0	0	0
340	7541	1	1	1
340	7542	1	1	1
340	7543	1	1	1
340	7544	1	1	1
295	7541	1	1	1
295	7542	1	1	1
10	7526	1	1	1
10	7527	1	1	1
10	7528	1	1	1
10	7529	1	1	1
34	7533	1	1	1
203	7543	0	0	0
203	7544	1	1	0
203	7545	1	1	1
372	7888	1	1	1
104	7540	1	1	1
378	7905	1	1	1
10	7537	1	1	1
10	7538	1	1	1
10	7539	1	1	1
10	7540	1	1	1
403	7957	1	1	0
198	7533	1	1	1
212	7541	0	0	0
212	7542	1	1	1
53	7236	1	1	1
89	7236	1	1	1
119	7537	1	1	1
119	7538	1	1	1
119	7539	1	1	1
119	7540	1	1	1
345	7534	1	1	1
345	7535	1	1	1
1	7534	1	1	1
1	7535	1	1	1
345	7983	1	1	1
33	8029	1	1	1
187	8031	1	1	1
187	8030	1	1	1
264	7965	1	1	1
264	8004	1	1	1
264	8016	1	1	1
264	7538	1	1	1
264	7539	1	1	1
264	7540	1	1	1
264	7536	1	1	1
345	7996	1	1	1
366	7536	1	1	0
384	7950	1	1	1
384	7980	1	1	1
70	7955	1	1	1
70	7970	1	1	1
379	7975	1	1	1
379	8012	1	1	1
379	7971	1	1	1
379	8005	1	1	1
324	7536	1	1	1
378	8024	1	1	1
378	7960	0	0	0
1	7972	1	1	1
345	7977	1	1	1
357	7951	1	1	1
357	7986	1	1	0
357	7998	1	1	1
357	7543	1	1	1
345	7956	1	1	0
55	7544	1	1	1
55	7545	1	1	1
365	7545	1	1	1
365	7952	1	1	1
70	7966	0	0	0
53	8033	0	0	0
53	8034	1	1	1
89	8033	0	0	0
89	8034	1	1	1
346	8033	1	1	1
346	8034	1	1	1
70	8013	1	1	1
366	7545	1	1	1
45	8034	1	0	0
378	7962	1	1	1
384	7982	1	1	0
379	8010	1	1	1
379	8022	0	0	0
379	7973	0	0	0
413	8033	1	1	1
413	8034	1	1	1
84	8038	0	0	0
424	8039	1	1	1
378	8038	1	1	1
73	8039	1	1	1
365	8038	1	1	1
365	8039	1	1	1
365	8040	1	1	0
344	7968	1	1	1
65	7953	1	1	1
65	8040	1	1	0
124	8039	0	0	0
124	8040	1	1	1
290	7978	1	1	1
